(rloc,hloc,rturn,o0,o1)
0:(3,2,1,4,2)
1:(6,2,0,4,2)
2:(6,6,1,4,2)
3:(6,6,0,4,2)
4:(6,2,1,4,1)
5:(6,2,0,4,1)
6:(6,6,1,4,1)
7:(6,6,0,4,1)
8:(6,2,1,4,2)
9:(6,5,1,4,1)
10:(6,5,0,4,1)
11:(6,5,1,4,5)
12:(6,5,0,4,5)
13:(6,6,1,4,5)
14:(6,6,0,4,5)
15:(6,4,1,4,5)
16:(6,4,0,4,5)
17:(6,4,1,1,5)
18:(6,4,0,1,5)
19:(6,6,1,1,5)
20:(6,6,0,1,5)
21:(6,6,1,2,5)
22:(6,6,0,2,5)
23:(6,5,1,1,5)
24:(6,5,0,1,5)
25:(6,5,1,5,5)
26:(6,5,0,5,5)
27:(6,6,1,5,5)
28:(6,6,0,5,5)
29:(6,5,1,5,1)
30:(6,5,0,5,1)
31:(6,6,1,5,1)
32:(6,6,0,5,1)
33:(6,6,1,5,2)
34:(6,6,0,5,2)
35:(6,4,1,5,1)
36:(6,4,0,5,1)
37:(6,4,1,5,4)
38:(6,4,0,5,4)
39:(6,6,1,5,4)
40:(6,6,0,5,4)
41:(6,5,1,5,4)
42:(6,5,0,5,4)
43:(6,5,1,1,4)
44:(6,5,0,1,4)
45:(6,6,1,1,4)
46:(6,6,0,1,4)
47:(6,6,1,2,4)
48:(6,6,0,2,4)
49:(6,4,1,1,4)
50:(6,4,0,1,4)
51:(6,4,1,4,4)
52:(6,4,0,4,4)
53:(6,6,1,4,4)
54:(6,6,0,4,4)
55:(6,4,1,4,1)
56:(6,4,0,4,1)
57:(6,3,1,4,1)
58:(6,3,0,4,1)
59:(6,3,1,4,3)
60:(6,3,0,4,3)
61:(6,6,1,4,3)
62:(6,6,0,4,3)
63:(6,5,1,4,3)
64:(6,5,0,4,3)
65:(6,4,1,4,3)
66:(6,4,0,4,3)
67:(6,4,1,1,3)
68:(6,4,0,1,3)
69:(6,6,1,1,3)
70:(6,6,0,1,3)
71:(6,6,1,2,3)
72:(6,6,0,2,3)
73:(6,5,1,1,3)
74:(6,5,0,1,3)
75:(6,5,1,5,3)
76:(6,5,0,5,3)
77:(6,6,1,5,3)
78:(6,6,0,5,3)
79:(6,4,1,5,3)
80:(6,4,0,5,3)
81:(6,3,1,5,3)
82:(6,3,0,5,3)
83:(6,3,1,5,1)
84:(6,3,0,5,1)
85:(6,2,1,5,1)
86:(6,2,0,5,1)
87:(6,2,1,5,2)
88:(6,2,0,5,2)
89:(6,5,1,5,2)
90:(6,5,0,5,2)
91:(6,5,1,1,2)
92:(6,5,0,1,2)
93:(6,6,1,1,2)
94:(6,6,0,1,2)
95:(6,6,1,2,2)
96:(6,6,0,2,2)
97:(6,4,1,1,2)
98:(6,4,0,1,2)
99:(6,4,1,4,2)
100:(6,4,0,4,2)
101:(6,5,1,4,2)
102:(6,5,0,4,2)
103:(6,3,1,4,2)
104:(6,3,0,4,2)
105:(6,3,1,1,2)
106:(6,3,0,1,2)
107:(6,3,1,3,2)
108:(6,3,0,3,2)
109:(6,6,1,3,2)
110:(6,6,0,3,2)
111:(6,5,1,3,2)
112:(6,5,0,3,2)
113:(6,4,1,3,2)
114:(6,4,0,3,2)
115:(6,2,1,3,2)
116:(6,2,0,3,2)
117:(6,2,1,3,1)
118:(6,2,0,3,1)
119:(6,6,1,3,1)
120:(6,6,0,3,1)
121:(6,5,1,3,1)
122:(6,5,0,3,1)
123:(6,5,1,3,5)
124:(6,5,0,3,5)
125:(6,6,1,3,5)
126:(6,6,0,3,5)
127:(6,4,1,3,5)
128:(6,4,0,3,5)
129:(6,3,1,3,5)
130:(6,3,0,3,5)
131:(6,3,1,1,5)
132:(6,3,0,1,5)
133:(6,2,1,1,5)
134:(6,2,0,1,5)
135:(6,2,1,2,5)
136:(6,2,0,2,5)
137:(6,5,1,2,5)
138:(6,5,0,2,5)
139:(6,5,1,2,1)
140:(6,5,0,2,1)
141:(6,6,1,2,1)
142:(6,6,0,2,1)
143:(6,4,1,2,1)
144:(6,4,0,2,1)
145:(6,4,1,2,4)
146:(6,4,0,2,4)
147:(6,5,1,2,4)
148:(6,5,0,2,4)
149:(6,3,1,2,4)
150:(6,3,0,2,4)
151:(6,2,1,2,4)
152:(6,2,0,2,4)
153:(6,2,1,1,4)
154:(6,2,0,1,4)
155:(6,3,1,1,4)
156:(6,3,0,1,4)
157:(6,3,1,3,4)
158:(6,3,0,3,4)
159:(6,6,1,3,4)
160:(6,6,0,3,4)
161:(6,5,1,3,4)
162:(6,5,0,3,4)
163:(6,4,1,3,4)
164:(6,4,0,3,4)
165:(6,4,1,3,1)
166:(6,4,0,3,1)
167:(6,3,1,3,1)
168:(6,3,0,3,1)
169:(6,3,1,3,3)
170:(6,3,0,3,3)
171:(6,6,1,3,3)
172:(6,6,0,3,3)
173:(6,3,1,1,3)
174:(6,3,0,1,3)
175:(6,2,1,1,3)
176:(6,2,0,1,3)
177:(6,2,1,2,3)
178:(6,2,0,2,3)
179:(6,5,1,2,3)
180:(6,5,0,2,3)
181:(6,4,1,2,3)
182:(6,4,0,2,3)
183:(6,3,1,2,3)
184:(6,3,0,2,3)
185:(6,3,1,2,1)
186:(6,3,0,2,1)
187:(6,2,1,2,1)
188:(6,2,0,2,1)
189:(6,2,1,2,2)
190:(6,2,0,2,2)
191:(6,2,1,1,2)
192:(6,2,0,1,2)
193:(6,5,1,2,2)
194:(6,5,0,2,2)
195:(6,4,1,2,2)
196:(6,4,0,2,2)
197:(6,3,1,2,2)
198:(6,3,0,2,2)
199:(6,5,1,3,3)
200:(6,5,0,3,3)
201:(6,4,1,3,3)
202:(6,4,0,3,3)
203:(6,2,1,3,3)
204:(6,2,0,3,3)
205:(6,2,1,3,4)
206:(6,2,0,3,4)
207:(6,4,1,2,5)
208:(6,4,0,2,5)
209:(6,3,1,2,5)
210:(6,3,0,2,5)
211:(6,2,1,3,5)
212:(6,2,0,3,5)
213:(6,4,1,5,2)
214:(6,4,0,5,2)
215:(6,3,1,5,2)
216:(6,3,0,5,2)
217:(6,2,1,5,3)
218:(6,2,0,5,3)
219:(6,2,1,4,3)
220:(6,2,0,4,3)
221:(6,5,1,4,4)
222:(6,5,0,4,4)
223:(6,3,1,4,4)
224:(6,3,0,4,4)
225:(6,2,1,4,4)
226:(6,2,0,4,4)
227:(6,3,1,5,4)
228:(6,3,0,5,4)
229:(6,2,1,5,4)
230:(6,2,0,5,4)
231:(6,4,1,5,5)
232:(6,4,0,5,5)
233:(6,3,1,5,5)
234:(6,3,0,5,5)
235:(6,2,1,5,5)
236:(6,2,0,5,5)
237:(6,3,1,4,5)
238:(6,3,0,4,5)
239:(6,2,1,4,5)
240:(6,2,0,4,5)
241:(5,2,0,4,2)
242:(5,6,1,4,2)
243:(5,6,0,4,2)
244:(4,6,0,4,2)
245:(4,6,1,4,2)
246:(4,6,0,0,2)
247:(4,6,1,0,2)
248:(6,6,0,0,2)
249:(6,6,1,0,2)
250:(5,6,0,0,2)
251:(5,6,1,0,2)
252:(5,6,0,5,2)
253:(5,6,1,5,2)
254:(4,6,0,5,2)
255:(4,6,1,5,2)
256:(3,6,0,5,2)
257:(3,6,1,5,2)
258:(2,6,0,5,2)
259:(2,6,1,5,2)
260:(2,6,0,5,0)
261:(2,6,1,5,0)
262:(6,6,0,5,0)
263:(6,6,1,5,0)
264:(5,6,0,5,0)
265:(5,6,1,5,0)
266:(5,6,0,5,5)
267:(5,6,1,5,5)
268:(5,6,0,0,5)
269:(5,6,1,0,5)
270:(6,6,0,0,5)
271:(6,6,1,0,5)
272:(4,6,0,0,5)
273:(4,6,1,0,5)
274:(4,6,0,4,5)
275:(4,6,1,4,5)
276:(5,6,0,4,5)
277:(5,6,1,4,5)
278:(5,6,0,4,0)
279:(5,6,1,4,0)
280:(6,6,0,4,0)
281:(6,6,1,4,0)
282:(4,6,0,4,0)
283:(4,6,1,4,0)
284:(4,6,0,4,4)
285:(4,6,1,4,4)
286:(4,6,0,0,4)
287:(4,6,1,0,4)
288:(6,6,0,0,4)
289:(6,6,1,0,4)
290:(5,6,0,0,4)
291:(5,6,1,0,4)
292:(5,6,0,5,4)
293:(5,6,1,5,4)
294:(4,6,0,5,4)
295:(4,6,1,5,4)
296:(4,6,0,5,0)
297:(4,6,1,5,0)
298:(3,6,0,5,0)
299:(3,6,1,5,0)
300:(3,6,0,5,3)
301:(3,6,1,5,3)
302:(5,6,0,5,3)
303:(5,6,1,5,3)
304:(5,6,0,0,3)
305:(5,6,1,0,3)
306:(6,6,0,0,3)
307:(6,6,1,0,3)
308:(4,6,0,0,3)
309:(4,6,1,0,3)
310:(4,6,0,4,3)
311:(4,6,1,4,3)
312:(5,6,0,4,3)
313:(5,6,1,4,3)
314:(3,6,0,4,3)
315:(3,6,1,4,3)
316:(3,6,0,4,0)
317:(3,6,1,4,0)
318:(2,6,0,4,0)
319:(2,6,1,4,0)
320:(2,6,0,4,2)
321:(2,6,1,4,2)
322:(3,6,0,4,2)
323:(3,6,1,4,2)
324:(2,6,0,4,3)
325:(2,6,1,4,3)
326:(3,6,0,0,3)
327:(3,6,1,0,3)
328:(3,6,0,3,3)
329:(3,6,1,3,3)
330:(3,6,0,3,0)
331:(3,6,1,3,0)
332:(6,6,0,3,0)
333:(6,6,1,3,0)
334:(5,6,0,3,0)
335:(5,6,1,3,0)
336:(5,6,0,3,5)
337:(5,6,1,3,5)
338:(4,6,0,3,5)
339:(4,6,1,3,5)
340:(3,6,0,3,5)
341:(3,6,1,3,5)
342:(3,6,0,0,5)
343:(3,6,1,0,5)
344:(2,6,0,0,5)
345:(2,6,1,0,5)
346:(2,6,0,2,5)
347:(2,6,1,2,5)
348:(5,6,0,2,5)
349:(5,6,1,2,5)
350:(5,6,0,2,0)
351:(5,6,1,2,0)
352:(6,6,0,2,0)
353:(6,6,1,2,0)
354:(4,6,0,2,0)
355:(4,6,1,2,0)
356:(4,6,0,2,4)
357:(4,6,1,2,4)
358:(5,6,0,2,4)
359:(5,6,1,2,4)
360:(3,6,0,2,4)
361:(3,6,1,2,4)
362:(2,6,0,2,4)
363:(2,6,1,2,4)
364:(2,6,0,0,4)
365:(2,6,1,0,4)
366:(3,6,0,0,4)
367:(3,6,1,0,4)
368:(3,6,0,3,4)
369:(3,6,1,3,4)
370:(5,6,0,3,4)
371:(5,6,1,3,4)
372:(4,6,0,3,4)
373:(4,6,1,3,4)
374:(4,6,0,3,0)
375:(4,6,1,3,0)
376:(2,6,0,3,0)
377:(2,6,1,3,0)
378:(2,6,0,3,2)
379:(2,6,1,3,2)
380:(5,6,0,3,2)
381:(5,6,1,3,2)
382:(4,6,0,3,2)
383:(4,6,1,3,2)
384:(3,6,0,3,2)
385:(3,6,1,3,2)
386:(3,6,0,0,2)
387:(3,6,1,0,2)
388:(2,6,0,0,2)
389:(2,6,1,0,2)
390:(2,6,0,2,2)
391:(2,6,1,2,2)
392:(2,6,0,2,0)
393:(2,6,1,2,0)
394:(3,6,0,2,0)
395:(3,6,1,2,0)
396:(3,6,0,2,3)
397:(3,6,1,2,3)
398:(5,6,0,2,3)
399:(5,6,1,2,3)
400:(4,6,0,2,3)
401:(4,6,1,2,3)
402:(2,6,0,2,3)
403:(2,6,1,2,3)
404:(2,6,0,0,3)
405:(2,6,1,0,3)
406:(5,6,0,2,2)
407:(5,6,1,2,2)
408:(4,6,0,2,2)
409:(4,6,1,2,2)
410:(3,6,0,2,2)
411:(3,6,1,2,2)
412:(2,6,0,3,4)
413:(2,6,1,3,4)
414:(4,6,0,2,5)
415:(4,6,1,2,5)
416:(3,6,0,2,5)
417:(3,6,1,2,5)
418:(2,6,0,3,5)
419:(2,6,1,3,5)
420:(5,6,0,3,3)
421:(5,6,1,3,3)
422:(4,6,0,3,3)
423:(4,6,1,3,3)
424:(2,6,0,3,3)
425:(2,6,1,3,3)
426:(4,6,0,5,3)
427:(4,6,1,5,3)
428:(2,6,0,5,3)
429:(2,6,1,5,3)
430:(3,6,0,5,4)
431:(3,6,1,5,4)
432:(2,6,0,5,4)
433:(2,6,1,5,4)
434:(5,6,0,4,4)
435:(5,6,1,4,4)
436:(3,6,0,4,4)
437:(3,6,1,4,4)
438:(2,6,0,4,4)
439:(2,6,1,4,4)
440:(3,6,0,4,5)
441:(3,6,1,4,5)
442:(2,6,0,4,5)
443:(2,6,1,4,5)
444:(4,6,0,5,5)
445:(4,6,1,5,5)
446:(3,6,0,5,5)
447:(3,6,1,5,5)
448:(2,6,0,5,5)
449:(2,6,1,5,5)
450:(5,2,1,4,1)
451:(5,2,0,4,1)
452:(5,6,1,4,1)
453:(5,6,0,4,1)
454:(4,6,0,4,1)
455:(3,6,0,4,1)
456:(2,6,0,4,1)
457:(5,2,1,4,2)
458:(4,2,0,4,2)
459:(4,2,1,4,1)
460:(4,2,0,0,1)
461:(4,6,1,0,1)
462:(6,6,0,0,1)
463:(4,6,0,0,1)
464:(5,6,0,0,1)
465:(3,6,0,0,1)
466:(2,6,0,0,1)
467:(4,2,1,0,2)
468:(6,2,0,0,2)
469:(6,2,1,0,1)
470:(6,2,0,0,1)
471:(6,6,1,0,1)
472:(6,2,1,0,2)
473:(6,5,1,0,1)
474:(6,5,0,0,1)
475:(6,5,1,0,5)
476:(6,5,0,0,5)
477:(6,4,1,0,5)
478:(6,4,0,0,5)
479:(6,3,1,0,5)
480:(6,3,0,0,5)
481:(6,2,1,0,5)
482:(6,2,0,0,5)
483:(6,4,1,0,1)
484:(6,4,0,0,1)
485:(6,4,1,0,4)
486:(6,4,0,0,4)
487:(6,5,1,0,4)
488:(6,5,0,0,4)
489:(6,3,1,0,4)
490:(6,3,0,0,4)
491:(6,2,1,0,4)
492:(6,2,0,0,4)
493:(6,3,1,0,1)
494:(6,3,0,0,1)
495:(6,3,1,0,3)
496:(6,3,0,0,3)
497:(6,5,1,0,3)
498:(6,5,0,0,3)
499:(6,4,1,0,3)
500:(6,4,0,0,3)
501:(6,2,1,0,3)
502:(6,2,0,0,3)
503:(6,5,1,0,2)
504:(6,5,0,0,2)
505:(6,4,1,0,2)
506:(6,4,0,0,2)
507:(6,3,1,0,2)
508:(6,3,0,0,2)
509:(4,2,0,0,2)
510:(4,2,1,0,1)
511:(4,2,0,4,1)
512:(4,6,1,4,1)
513:(4,2,1,4,2)
514:(3,2,0,4,2)
515:(3,2,1,4,1)
516:(3,2,0,4,1)
517:(3,6,1,4,1)
518:(3,5,1,4,1)
519:(5,5,0,4,1)
520:(5,5,1,4,5)
521:(5,5,0,4,0)
522:(5,5,1,4,0)
523:(5,5,0,4,5)
524:(5,5,1,4,1)
525:(4,5,0,4,1)
526:(4,5,1,4,5)
527:(4,5,0,0,5)
528:(4,5,1,0,1)
529:(4,5,0,0,1)
530:(4,5,1,0,5)
531:(4,5,0,4,5)
532:(4,5,1,4,1)
533:(3,5,0,4,1)
534:(3,5,1,4,5)
535:(3,5,0,4,5)
536:(3,4,1,4,5)
537:(5,4,0,4,5)
538:(5,4,1,1,5)
539:(5,4,0,1,0)
540:(5,6,1,1,0)
541:(5,6,0,1,5)
542:(6,6,0,1,0)
543:(5,6,0,1,0)
544:(4,6,0,1,0)
545:(3,6,0,1,0)
546:(2,6,0,1,0)
547:(5,4,1,4,0)
548:(6,4,0,4,0)
549:(6,4,1,1,0)
550:(6,4,0,1,0)
551:(6,6,1,1,0)
552:(6,4,1,4,0)
553:(6,5,1,1,0)
554:(6,5,0,1,0)
555:(6,5,1,5,0)
556:(6,5,0,5,0)
557:(6,4,1,5,0)
558:(6,4,0,5,0)
559:(6,3,1,5,0)
560:(6,3,0,5,0)
561:(6,2,1,5,0)
562:(6,2,0,5,0)
563:(6,3,1,1,0)
564:(6,3,0,1,0)
565:(6,3,1,3,0)
566:(6,3,0,3,0)
567:(6,5,1,3,0)
568:(6,5,0,3,0)
569:(6,4,1,3,0)
570:(6,4,0,3,0)
571:(6,2,1,3,0)
572:(6,2,0,3,0)
573:(6,2,1,1,0)
574:(6,2,0,1,0)
575:(6,2,1,2,0)
576:(6,2,0,2,0)
577:(6,5,1,2,0)
578:(6,5,0,2,0)
579:(6,4,1,2,0)
580:(6,4,0,2,0)
581:(6,3,1,2,0)
582:(6,3,0,2,0)
583:(6,5,1,4,0)
584:(6,5,0,4,0)
585:(6,3,1,4,0)
586:(6,3,0,4,0)
587:(6,2,1,4,0)
588:(6,2,0,4,0)
589:(5,4,0,4,0)
590:(5,4,1,1,0)
591:(5,4,0,1,5)
592:(5,6,1,1,5)
593:(4,6,0,1,5)
594:(3,6,0,1,5)
595:(2,6,0,1,5)
596:(5,4,1,4,5)
597:(4,4,0,4,5)
598:(4,4,1,1,5)
599:(4,4,0,1,5)
600:(4,6,1,1,5)
601:(4,4,1,4,5)
602:(4,4,0,0,5)
603:(4,4,1,0,5)
604:(5,4,0,0,5)
605:(5,5,1,0,5)
606:(5,5,0,5,5)
607:(5,5,1,5,1)
608:(5,5,0,0,1)
609:(5,6,1,0,1)
610:(5,6,0,5,1)
611:(5,5,1,0,1)
612:(5,5,0,5,1)
613:(5,6,1,5,1)
614:(4,6,0,5,1)
615:(3,6,0,5,1)
616:(2,6,0,5,1)
617:(5,5,1,5,5)
618:(5,5,0,5,0)
619:(5,5,1,1,0)
620:(5,5,0,1,5)
621:(5,5,1,1,5)
622:(5,5,0,1,0)
623:(5,5,1,5,0)
624:(4,5,0,5,0)
625:(4,5,1,1,0)
626:(4,5,0,1,4)
627:(4,6,1,1,4)
628:(5,6,0,1,4)
629:(4,6,0,1,4)
630:(3,6,0,1,4)
631:(2,6,0,1,4)
632:(4,5,1,5,4)
633:(5,5,0,5,4)
634:(5,5,1,1,4)
635:(5,5,0,1,4)
636:(5,6,1,1,4)
637:(5,5,1,5,4)
638:(5,5,0,0,4)
639:(5,5,1,0,4)
640:(4,5,0,0,4)
641:(4,5,1,0,4)
642:(4,5,0,4,4)
643:(4,5,1,4,4)
644:(4,5,0,4,0)
645:(4,5,1,4,0)
646:(3,5,0,4,0)
647:(3,5,1,4,0)
648:(3,5,0,4,3)
649:(3,5,1,4,3)
650:(5,5,0,4,3)
651:(5,5,1,4,3)
652:(4,5,0,4,3)
653:(4,5,1,4,3)
654:(4,5,0,0,3)
655:(4,5,1,0,3)
656:(5,5,0,0,3)
657:(5,5,1,0,3)
658:(5,5,0,5,3)
659:(5,5,1,1,3)
660:(5,5,0,1,3)
661:(5,6,1,1,3)
662:(5,6,0,1,3)
663:(4,6,0,1,3)
664:(3,6,0,1,3)
665:(2,6,0,1,3)
666:(5,5,1,5,3)
667:(4,5,0,5,3)
668:(4,5,1,1,3)
669:(4,5,0,1,3)
670:(4,6,1,1,3)
671:(4,5,1,5,3)
672:(3,5,0,5,3)
673:(3,5,1,1,3)
674:(3,5,0,1,0)
675:(3,6,1,1,0)
676:(3,5,1,5,0)
677:(3,5,0,5,0)
678:(3,5,1,1,0)
679:(3,5,0,1,3)
680:(3,6,1,1,3)
681:(3,5,1,5,3)
682:(2,5,0,5,3)
683:(2,5,1,1,3)
684:(2,5,0,1,3)
685:(2,6,1,1,3)
686:(2,5,1,5,3)
687:(2,4,1,1,3)
688:(5,4,0,1,3)
689:(5,4,1,4,3)
690:(5,4,0,4,3)
691:(5,4,1,1,3)
692:(4,4,0,1,3)
693:(4,4,1,4,3)
694:(4,4,0,0,3)
695:(4,4,1,0,3)
696:(4,4,0,4,3)
697:(4,4,1,1,3)
698:(3,4,0,1,3)
699:(3,4,1,4,3)
700:(3,4,0,4,0)
701:(3,4,1,1,0)
702:(4,4,0,1,0)
703:(4,6,1,1,0)
704:(4,4,1,4,0)
705:(4,4,0,4,4)
706:(4,4,1,4,1)
707:(4,4,0,0,1)
708:(4,4,1,0,4)
709:(4,4,0,0,4)
710:(4,4,1,0,1)
711:(4,4,0,4,1)
712:(4,4,1,4,4)
713:(4,4,0,4,0)
714:(4,4,1,1,0)
715:(4,4,0,1,4)
716:(4,5,1,1,4)
717:(4,5,0,1,0)
718:(4,5,1,5,0)
719:(4,5,0,5,4)
720:(4,4,1,5,4)
721:(4,4,0,5,0)
722:(4,4,1,5,0)
723:(4,4,0,5,4)
724:(4,4,1,5,1)
725:(5,4,0,5,1)
726:(5,4,1,5,4)
727:(5,4,0,0,4)
728:(5,4,1,0,1)
729:(5,4,0,0,1)
730:(5,4,1,0,4)
731:(5,4,0,5,4)
732:(5,4,1,5,1)
733:(4,4,0,5,1)
734:(4,6,1,5,1)
735:(4,5,1,5,1)
736:(4,5,0,5,1)
737:(4,5,1,5,5)
738:(4,5,0,5,5)
739:(4,5,1,1,5)
740:(4,5,0,1,5)
741:(4,3,1,1,5)
742:(5,3,0,1,5)
743:(5,3,1,3,5)
744:(5,3,0,3,0)
745:(5,3,1,1,0)
746:(5,3,0,1,0)
747:(5,3,1,3,0)
748:(5,3,0,3,5)
749:(5,3,1,1,5)
750:(4,3,0,1,5)
751:(4,3,1,3,5)
752:(4,3,0,3,5)
753:(4,5,1,3,5)
754:(5,5,0,3,5)
755:(5,5,1,3,1)
756:(5,5,0,3,1)
757:(5,6,1,3,1)
758:(5,6,0,3,1)
759:(4,6,0,3,1)
760:(3,6,0,3,1)
761:(2,6,0,3,1)
762:(5,5,1,3,5)
763:(5,5,0,3,0)
764:(5,5,1,3,0)
765:(4,5,0,3,0)
766:(4,5,1,3,0)
767:(4,5,0,3,4)
768:(4,5,1,3,4)
769:(5,5,0,3,4)
770:(5,5,1,3,4)
771:(3,5,0,3,4)
772:(3,5,1,3,4)
773:(3,5,0,0,4)
774:(3,5,1,0,4)
775:(2,5,0,0,4)
776:(2,5,1,0,4)
777:(2,5,0,2,4)
778:(2,5,1,2,4)
779:(5,5,0,2,4)
780:(5,5,1,2,4)
781:(4,5,0,2,4)
782:(4,5,1,2,4)
783:(4,5,0,2,0)
784:(4,5,1,2,0)
785:(5,5,0,2,0)
786:(5,5,1,2,0)
787:(5,5,0,2,5)
788:(5,5,1,2,1)
789:(5,5,0,2,1)
790:(5,6,1,2,1)
791:(5,6,0,2,1)
792:(4,6,0,2,1)
793:(3,6,0,2,1)
794:(2,6,0,2,1)
795:(5,5,1,2,5)
796:(4,5,0,2,5)
797:(4,5,1,2,1)
798:(4,5,0,2,1)
799:(4,6,1,2,1)
800:(4,5,1,2,5)
801:(3,5,0,2,5)
802:(3,5,1,2,1)
803:(3,5,0,2,1)
804:(3,6,1,2,1)
805:(3,5,1,2,5)
806:(2,5,0,2,5)
807:(2,5,1,2,1)
808:(2,5,0,0,1)
809:(2,6,1,0,1)
810:(2,5,1,0,5)
811:(2,5,0,0,5)
812:(2,5,1,0,1)
813:(2,5,0,2,1)
814:(2,6,1,2,1)
815:(2,5,1,2,5)
816:(2,4,1,2,1)
817:(2,4,0,0,1)
818:(2,4,1,0,4)
819:(2,4,0,2,4)
820:(2,4,1,2,4)
821:(2,4,0,0,4)
822:(2,4,1,0,1)
823:(2,4,0,2,1)
824:(2,3,1,2,1)
825:(2,3,0,0,1)
826:(2,3,1,0,3)
827:(2,3,0,2,3)
828:(2,5,1,2,3)
829:(2,5,0,0,3)
830:(2,5,1,0,3)
831:(2,5,0,2,3)
832:(2,4,1,2,3)
833:(2,4,0,0,3)
834:(2,4,1,0,3)
835:(2,4,0,2,3)
836:(2,3,1,2,3)
837:(2,3,0,0,3)
838:(2,3,1,0,1)
839:(2,3,0,2,1)
840:(2,2,1,2,1)
841:(2,2,0,0,1)
842:(2,2,1,0,2)
843:(2,2,0,2,2)
844:(2,2,1,1,2)
845:(2,2,0,1,0)
846:(2,6,1,1,0)
847:(2,6,0,1,2)
848:(2,2,1,2,0)
849:(5,2,0,2,0)
850:(5,2,1,1,0)
851:(5,2,0,1,5)
852:(5,2,1,2,5)
853:(5,2,0,2,5)
854:(5,2,1,1,5)
855:(5,2,0,1,0)
856:(5,2,1,2,0)
857:(4,2,0,2,0)
858:(4,2,1,1,0)
859:(4,2,0,1,4)
860:(4,2,1,2,4)
861:(5,2,0,2,4)
862:(5,2,1,1,4)
863:(5,2,0,1,4)
864:(5,2,1,2,4)
865:(4,2,0,2,4)
866:(4,2,1,1,4)
867:(4,2,0,1,0)
868:(4,2,1,2,0)
869:(3,2,0,2,0)
870:(3,2,1,1,0)
871:(3,2,0,1,3)
872:(3,2,1,2,3)
873:(5,2,0,2,3)
874:(5,2,1,1,3)
875:(5,2,0,1,3)
876:(5,2,1,2,3)
877:(4,2,0,2,3)
878:(4,2,1,1,3)
879:(4,2,0,1,3)
880:(4,2,1,2,3)
881:(3,2,0,2,3)
882:(3,2,1,1,3)
883:(3,2,0,1,0)
884:(3,2,1,2,0)
885:(2,2,0,2,0)
886:(2,2,1,1,0)
887:(2,2,0,1,2)
888:(2,6,1,1,2)
889:(5,6,0,1,2)
890:(4,6,0,1,2)
891:(3,6,0,1,2)
892:(2,2,1,2,2)
893:(2,2,0,0,2)
894:(2,2,1,0,1)
895:(2,2,0,2,1)
896:(5,2,0,0,1)
897:(5,2,1,0,2)
898:(5,2,0,5,2)
899:(5,2,1,5,1)
900:(5,2,0,5,1)
901:(5,2,1,5,2)
902:(5,2,0,0,2)
903:(5,2,1,0,1)
904:(3,2,0,0,1)
905:(3,6,1,0,1)
906:(3,2,1,0,2)
907:(3,2,0,3,2)
908:(3,2,1,3,1)
909:(5,2,0,3,1)
910:(5,2,1,3,2)
911:(5,2,0,3,2)
912:(5,2,1,3,1)
913:(4,2,0,3,1)
914:(4,6,1,3,1)
915:(4,2,1,3,2)
916:(4,2,0,3,2)
917:(4,2,1,3,1)
918:(3,2,0,3,1)
919:(3,6,1,3,1)
920:(3,2,1,3,2)
921:(3,2,0,0,2)
922:(3,2,1,0,1)
923:(3,5,1,0,2)
924:(3,5,0,3,2)
925:(3,5,1,3,2)
926:(3,5,0,0,2)
927:(3,4,1,0,2)
928:(3,4,0,3,2)
929:(3,4,1,3,2)
930:(3,4,0,0,2)
931:(3,3,1,0,2)
932:(3,3,0,3,2)
933:(3,3,1,1,2)
934:(5,3,0,1,2)
935:(5,6,1,1,2)
936:(5,3,1,3,2)
937:(5,3,0,3,2)
938:(5,3,1,1,2)
939:(4,3,0,1,2)
940:(4,6,1,1,2)
941:(4,3,1,3,2)
942:(4,3,0,3,2)
943:(4,3,1,1,2)
944:(3,3,0,1,2)
945:(3,6,1,1,2)
946:(3,3,1,3,2)
947:(3,3,0,0,2)
948:(2,3,0,3,2)
949:(2,3,1,1,2)
950:(2,3,0,1,0)
951:(2,3,1,3,0)
952:(4,3,0,3,0)
953:(4,3,1,1,0)
954:(4,3,0,1,4)
955:(4,3,1,3,4)
956:(5,3,0,3,4)
957:(5,3,1,1,4)
958:(5,3,0,1,4)
959:(5,3,1,3,4)
960:(4,3,0,3,4)
961:(4,3,1,1,4)
962:(4,3,0,1,0)
963:(4,3,1,3,0)
964:(3,3,0,3,0)
965:(3,3,1,1,0)
966:(3,3,0,1,3)
967:(3,3,1,3,3)
968:(3,3,0,0,3)
969:(3,3,1,0,1)
970:(3,3,0,3,1)
971:(3,5,1,3,1)
972:(3,5,0,0,1)
973:(3,5,1,0,5)
974:(3,5,0,3,5)
975:(3,5,1,3,5)
976:(3,5,0,0,5)
977:(3,5,1,0,1)
978:(3,5,0,3,1)
979:(3,4,1,3,1)
980:(3,4,0,0,1)
981:(3,4,1,0,4)
982:(3,4,0,3,4)
983:(3,4,1,3,4)
984:(3,4,0,0,4)
985:(3,4,1,0,1)
986:(3,4,0,3,1)
987:(3,3,1,3,1)
988:(3,3,0,0,1)
989:(3,3,1,0,3)
990:(3,3,0,3,3)
991:(3,3,1,1,3)
992:(3,3,0,1,0)
993:(3,3,1,3,0)
994:(2,3,0,3,0)
995:(2,3,1,1,0)
996:(2,3,0,1,2)
997:(2,3,1,3,2)
998:(2,5,1,1,2)
999:(2,5,0,1,0)
1000:(2,5,1,5,0)
1001:(2,5,0,5,2)
1002:(2,5,1,5,2)
1003:(2,5,0,5,0)
1004:(2,5,1,1,0)
1005:(2,5,0,1,2)
1006:(2,4,1,1,2)
1007:(2,4,0,1,0)
1008:(2,4,1,4,0)
1009:(2,4,0,4,2)
1010:(2,5,1,4,2)
1011:(2,5,0,4,0)
1012:(2,5,1,4,0)
1013:(2,5,0,4,2)
1014:(2,4,1,4,2)
1015:(2,4,0,4,0)
1016:(2,4,1,1,0)
1017:(2,4,0,1,2)
1018:(3,4,0,1,0)
1019:(3,4,1,4,0)
1020:(3,4,0,4,3)
1021:(3,4,1,1,3)
1022:(2,4,0,1,3)
1023:(2,4,1,4,3)
1024:(2,4,0,4,3)
1025:(2,5,1,4,3)
1026:(2,5,0,4,3)
1027:(2,3,1,4,3)
1028:(5,3,0,4,3)
1029:(5,3,1,4,1)
1030:(5,3,0,4,1)
1031:(5,3,1,4,3)
1032:(4,3,0,4,3)
1033:(4,3,1,4,1)
1034:(4,3,0,0,1)
1035:(4,3,1,0,3)
1036:(4,3,0,0,3)
1037:(4,3,1,0,1)
1038:(4,3,0,4,1)
1039:(4,3,1,4,3)
1040:(3,3,0,4,3)
1041:(3,3,1,4,1)
1042:(3,3,0,4,1)
1043:(3,3,1,4,3)
1044:(3,3,0,4,0)
1045:(3,3,1,4,0)
1046:(5,3,0,4,0)
1047:(5,3,1,4,0)
1048:(5,3,0,4,5)
1049:(5,3,1,4,5)
1050:(4,3,0,4,5)
1051:(4,3,1,4,5)
1052:(4,3,0,0,5)
1053:(4,3,1,0,5)
1054:(5,3,0,0,5)
1055:(5,4,1,0,5)
1056:(5,4,0,5,5)
1057:(5,4,1,5,5)
1058:(5,4,0,5,0)
1059:(5,4,1,5,0)
1060:(3,4,0,5,0)
1061:(3,4,1,5,0)
1062:(3,4,0,5,3)
1063:(3,4,1,5,3)
1064:(5,4,0,5,3)
1065:(5,4,1,5,3)
1066:(5,4,0,0,3)
1067:(5,4,1,0,3)
1068:(3,4,0,0,3)
1069:(3,5,1,0,3)
1070:(3,5,0,3,3)
1071:(3,5,1,3,3)
1072:(3,5,0,3,0)
1073:(3,5,1,3,0)
1074:(2,5,0,3,0)
1075:(2,5,1,3,0)
1076:(2,5,0,3,2)
1077:(2,5,1,3,2)
1078:(5,5,0,3,2)
1079:(5,5,1,3,2)
1080:(4,5,0,3,2)
1081:(4,5,1,3,2)
1082:(4,4,1,3,2)
1083:(5,4,0,3,2)
1084:(5,4,1,3,2)
1085:(4,4,0,3,2)
1086:(2,4,0,3,2)
1087:(2,4,1,3,2)
1088:(2,4,0,3,0)
1089:(2,4,1,3,0)
1090:(5,4,0,3,0)
1091:(5,4,1,3,0)
1092:(5,4,0,3,5)
1093:(5,4,1,3,5)
1094:(4,4,0,3,5)
1095:(4,4,1,3,5)
1096:(3,4,0,3,5)
1097:(3,4,1,3,5)
1098:(3,4,0,0,5)
1099:(3,4,1,0,5)
1100:(2,4,0,0,5)
1101:(2,4,1,0,5)
1102:(2,4,0,2,5)
1103:(2,4,1,2,5)
1104:(5,4,0,2,5)
1105:(5,4,1,2,5)
1106:(5,4,0,2,0)
1107:(5,4,1,2,0)
1108:(4,4,0,2,0)
1109:(4,4,1,2,0)
1110:(4,4,0,2,4)
1111:(4,4,1,2,1)
1112:(5,4,0,2,1)
1113:(5,4,1,2,4)
1114:(5,4,0,2,4)
1115:(5,4,1,2,1)
1116:(4,4,0,2,1)
1117:(4,4,1,2,4)
1118:(3,4,0,2,4)
1119:(3,4,1,2,1)
1120:(3,4,0,2,1)
1121:(3,4,1,2,4)
1122:(3,3,1,2,1)
1123:(5,3,0,2,1)
1124:(5,3,1,2,3)
1125:(5,3,0,2,3)
1126:(5,3,1,2,1)
1127:(4,3,0,2,1)
1128:(4,3,1,2,3)
1129:(4,3,0,2,3)
1130:(4,3,1,2,1)
1131:(3,3,0,2,1)
1132:(3,3,1,2,3)
1133:(3,3,0,2,0)
1134:(3,5,1,2,0)
1135:(3,5,0,2,3)
1136:(3,5,1,2,3)
1137:(3,5,0,2,0)
1138:(3,4,1,2,0)
1139:(3,4,0,2,3)
1140:(3,4,1,2,3)
1141:(3,4,0,2,0)
1142:(3,3,1,2,0)
1143:(3,3,0,2,3)
1144:(5,3,0,2,0)
1145:(5,3,1,2,0)
1146:(5,3,0,2,5)
1147:(5,3,1,2,5)
1148:(4,3,0,2,5)
1149:(4,4,1,2,5)
1150:(4,4,0,2,5)
1151:(4,3,1,2,5)
1152:(3,3,0,2,5)
1153:(3,4,1,2,5)
1154:(3,4,0,2,5)
1155:(3,3,1,2,5)
1156:(2,3,0,2,5)
1157:(2,3,1,2,5)
1158:(2,3,0,0,5)
1159:(2,3,1,0,5)
1160:(3,3,0,0,5)
1161:(3,3,1,0,5)
1162:(3,3,0,3,5)
1163:(3,3,1,1,5)
1164:(3,3,0,1,5)
1165:(3,6,1,1,5)
1166:(3,3,1,3,5)
1167:(2,3,0,3,5)
1168:(2,3,1,1,5)
1169:(2,3,0,1,5)
1170:(2,6,1,1,5)
1171:(2,3,1,3,5)
1172:(2,5,1,1,5)
1173:(3,5,0,1,5)
1174:(3,5,1,5,5)
1175:(3,5,0,5,5)
1176:(3,5,1,5,1)
1177:(3,5,0,5,1)
1178:(3,6,1,5,1)
1179:(3,4,1,5,1)
1180:(3,4,0,5,1)
1181:(3,4,1,5,4)
1182:(3,4,0,5,4)
1183:(3,5,1,5,4)
1184:(3,5,0,5,4)
1185:(3,5,1,1,4)
1186:(3,5,0,1,4)
1187:(3,6,1,1,4)
1188:(3,4,1,1,4)
1189:(5,4,0,1,4)
1190:(5,4,1,4,4)
1191:(5,4,0,4,4)
1192:(5,4,1,4,1)
1193:(5,4,0,4,1)
1194:(3,4,0,4,1)
1195:(3,4,1,4,4)
1196:(3,4,0,4,4)
1197:(3,4,1,4,1)
1198:(2,4,0,4,1)
1199:(2,6,1,4,1)
1200:(2,4,1,4,4)
1201:(2,4,0,4,4)
1202:(2,4,1,4,1)
1203:(2,4,1,1,4)
1204:(3,4,0,1,4)
1205:(3,3,1,1,4)
1206:(3,3,0,1,4)
1207:(3,3,1,3,4)
1208:(3,3,0,0,4)
1209:(3,3,1,0,4)
1210:(3,3,0,3,4)
1211:(3,2,1,3,4)
1212:(3,2,0,0,4)
1213:(3,2,1,0,4)
1214:(3,2,0,3,4)
1215:(5,2,0,0,4)
1216:(5,3,1,0,4)
1217:(5,3,0,5,4)
1218:(5,3,1,5,4)
1219:(5,3,0,0,4)
1220:(5,2,1,0,4)
1221:(5,2,0,5,4)
1222:(5,2,1,5,4)
1223:(4,2,0,5,4)
1224:(4,3,1,5,4)
1225:(4,3,0,5,0)
1226:(4,3,1,5,0)
1227:(4,3,0,5,4)
1228:(4,2,1,5,4)
1229:(4,2,0,5,0)
1230:(4,2,1,5,0)
1231:(5,2,0,5,0)
1232:(5,3,1,5,0)
1233:(5,3,0,5,5)
1234:(5,3,1,5,5)
1235:(5,3,0,5,0)
1236:(5,2,1,5,0)
1237:(5,2,0,5,5)
1238:(5,2,1,5,5)
1239:(5,2,0,0,5)
1240:(5,3,1,0,5)
1241:(5,2,1,0,5)
1242:(4,2,0,0,5)
1243:(4,2,1,0,5)
1244:(4,2,0,4,5)
1245:(4,2,1,4,5)
1246:(5,2,0,4,5)
1247:(5,2,1,4,5)
1248:(5,2,0,4,0)
1249:(5,2,1,4,0)
1250:(4,2,0,4,0)
1251:(4,3,1,4,0)
1252:(4,3,0,4,4)
1253:(4,3,1,4,4)
1254:(4,3,0,4,0)
1255:(4,2,1,4,0)
1256:(4,2,0,4,4)
1257:(4,2,1,4,4)
1258:(4,2,0,0,4)
1259:(4,3,1,0,4)
1260:(4,3,0,0,4)
1261:(4,2,1,0,4)
1262:(2,2,0,0,4)
1263:(2,3,1,0,4)
1264:(2,3,0,2,4)
1265:(2,3,1,2,4)
1266:(2,3,0,0,4)
1267:(2,2,1,0,4)
1268:(2,2,0,2,4)
1269:(2,2,1,1,4)
1270:(3,2,0,1,4)
1271:(3,2,1,2,4)
1272:(3,2,0,2,4)
1273:(3,2,1,1,4)
1274:(2,2,0,1,4)
1275:(2,6,1,1,4)
1276:(2,2,1,2,4)
1277:(2,5,1,1,4)
1278:(2,5,0,1,4)
1279:(2,5,1,5,4)
1280:(2,5,0,5,4)
1281:(2,4,1,5,4)
1282:(2,4,0,5,4)
1283:(2,4,1,5,1)
1284:(2,4,0,5,1)
1285:(2,6,1,5,1)
1286:(2,5,1,5,1)
1287:(2,5,0,5,1)
1288:(2,5,1,5,5)
1289:(2,5,0,5,5)
1290:(2,4,1,5,5)
1291:(4,4,0,5,5)
1292:(4,4,1,5,5)
1293:(3,4,0,5,5)
1294:(3,4,1,5,5)
1295:(2,4,0,5,5)
1296:(2,3,1,5,5)
1297:(4,3,0,5,5)
1298:(4,3,1,5,5)
1299:(3,3,0,5,5)
1300:(3,3,1,5,5)
1301:(2,3,0,5,5)
1302:(2,2,1,5,5)
1303:(4,2,0,5,5)
1304:(4,2,1,5,5)
1305:(3,2,0,5,5)
1306:(3,2,1,5,5)
1307:(2,2,0,5,5)
1308:(2,3,1,5,1)
1309:(5,3,0,5,1)
1310:(5,3,1,5,3)
1311:(5,3,0,0,3)
1312:(5,3,1,0,1)
1313:(5,3,0,0,1)
1314:(5,3,1,0,3)
1315:(5,3,0,5,3)
1316:(5,3,1,5,1)
1317:(4,3,0,5,1)
1318:(4,3,1,5,3)
1319:(4,3,0,5,3)
1320:(4,3,1,5,1)
1321:(3,3,0,5,1)
1322:(3,3,1,5,3)
1323:(3,3,0,5,0)
1324:(3,3,1,5,0)
1325:(3,3,0,5,3)
1326:(3,3,1,5,1)
1327:(2,3,0,5,1)
1328:(2,3,1,5,3)
1329:(2,3,0,5,3)
1330:(2,4,1,5,3)
1331:(4,4,0,5,3)
1332:(4,4,1,5,3)
1333:(2,4,0,5,3)
1334:(2,2,1,5,3)
1335:(5,2,0,5,3)
1336:(5,2,1,5,3)
1337:(5,2,0,0,3)
1338:(5,2,1,0,3)
1339:(4,2,0,0,3)
1340:(4,2,1,0,3)
1341:(4,2,0,4,3)
1342:(4,2,1,4,3)
1343:(5,2,0,4,3)
1344:(5,2,1,4,3)
1345:(3,2,0,4,3)
1346:(3,2,1,4,3)
1347:(3,2,0,4,0)
1348:(3,2,1,4,0)
1349:(2,2,0,4,0)
1350:(2,3,1,4,0)
1351:(2,3,0,4,2)
1352:(2,3,1,4,2)
1353:(2,3,0,4,0)
1354:(2,2,1,4,0)
1355:(2,2,0,4,2)
1356:(2,2,1,4,1)
1357:(2,2,0,4,1)
1358:(2,2,1,4,2)
1359:(2,5,1,4,1)
1360:(2,5,0,4,1)
1361:(2,5,1,4,5)
1362:(2,5,0,4,5)
1363:(2,4,1,4,5)
1364:(3,4,0,4,5)
1365:(3,4,1,1,5)
1366:(3,4,0,1,5)
1367:(3,5,1,1,5)
1368:(2,5,0,1,5)
1369:(2,4,1,1,5)
1370:(2,4,0,1,5)
1371:(2,2,1,1,5)
1372:(4,2,0,1,5)
1373:(4,2,1,2,5)
1374:(4,2,0,2,5)
1375:(4,2,1,1,5)
1376:(3,2,0,1,5)
1377:(3,2,1,2,5)
1378:(3,2,0,2,5)
1379:(3,2,1,1,5)
1380:(2,2,0,1,5)
1381:(2,2,1,2,5)
1382:(2,2,0,0,5)
1383:(2,2,1,0,5)
1384:(2,2,0,2,5)
1385:(3,2,0,0,5)
1386:(3,2,1,0,5)
1387:(3,2,0,3,5)
1388:(3,2,1,3,5)
1389:(5,2,0,3,5)
1390:(5,2,1,3,5)
1391:(5,2,0,3,0)
1392:(5,2,1,3,0)
1393:(4,2,0,3,0)
1394:(4,4,1,3,0)
1395:(4,4,0,3,4)
1396:(4,4,1,3,1)
1397:(5,4,0,3,1)
1398:(5,4,1,3,4)
1399:(5,4,0,3,4)
1400:(5,4,1,3,1)
1401:(4,4,0,3,1)
1402:(4,4,1,3,4)
1403:(4,4,0,3,0)
1404:(4,2,1,3,0)
1405:(4,2,0,3,4)
1406:(4,2,1,3,4)
1407:(5,2,0,3,4)
1408:(5,2,1,3,4)
1409:(2,2,0,3,4)
1410:(2,5,1,3,4)
1411:(2,5,0,3,4)
1412:(2,4,1,3,4)
1413:(2,4,0,3,4)
1414:(2,4,1,3,1)
1415:(2,4,0,3,1)
1416:(2,6,1,3,1)
1417:(2,5,1,3,1)
1418:(4,5,0,3,1)
1419:(4,5,1,3,1)
1420:(2,5,0,3,1)
1421:(2,5,1,3,5)
1422:(4,5,0,3,5)
1423:(4,2,1,3,5)
1424:(4,2,0,3,5)
1425:(2,2,0,3,5)
1426:(2,4,1,3,5)
1427:(2,4,0,3,5)
1428:(2,2,1,3,5)
1429:(2,5,0,3,5)
1430:(2,3,1,3,1)
1431:(5,3,0,3,1)
1432:(5,3,1,3,3)
1433:(5,3,0,3,3)
1434:(5,3,1,3,1)
1435:(4,3,0,3,1)
1436:(4,3,1,3,3)
1437:(4,3,0,3,3)
1438:(4,3,1,3,1)
1439:(2,3,0,3,1)
1440:(2,3,1,3,3)
1441:(2,3,0,3,3)
1442:(2,3,1,1,3)
1443:(5,3,0,1,3)
1444:(5,3,1,1,3)
1445:(4,3,0,1,3)
1446:(4,3,1,1,3)
1447:(2,3,0,1,3)
1448:(2,2,1,1,3)
1449:(2,2,0,1,3)
1450:(2,2,1,2,3)
1451:(2,2,0,0,3)
1452:(2,2,1,0,3)
1453:(2,2,0,2,3)
1454:(3,2,0,0,3)
1455:(3,4,1,0,3)
1456:(3,4,0,3,3)
1457:(3,4,1,3,3)
1458:(3,4,0,3,0)
1459:(3,4,1,3,0)
1460:(3,2,1,3,0)
1461:(3,2,0,3,3)
1462:(3,2,1,3,3)
1463:(3,2,0,3,0)
1464:(5,2,0,3,3)
1465:(5,5,1,3,3)
1466:(5,5,0,3,3)
1467:(5,4,1,3,3)
1468:(5,4,0,3,3)
1469:(5,2,1,3,3)
1470:(4,2,0,3,3)
1471:(4,5,1,3,3)
1472:(4,5,0,3,3)
1473:(4,4,1,3,3)
1474:(4,4,0,3,3)
1475:(4,2,1,3,3)
1476:(2,2,0,3,3)
1477:(2,5,1,3,3)
1478:(2,5,0,3,3)
1479:(2,4,1,3,3)
1480:(2,4,0,3,3)
1481:(2,2,1,3,3)
1482:(2,2,0,3,0)
1483:(2,2,1,3,0)
1484:(2,2,0,3,2)
1485:(2,2,1,3,1)
1486:(2,2,0,3,1)
1487:(2,2,1,3,2)
1488:(3,2,1,0,3)
1489:(2,3,1,3,4)
1490:(2,3,0,3,4)
1491:(2,3,1,1,4)
1492:(2,3,0,1,4)
1493:(2,2,1,3,4)
1494:(3,3,1,4,5)
1495:(3,3,0,4,5)
1496:(3,2,1,4,5)
1497:(3,2,0,4,5)
1498:(2,2,0,4,5)
1499:(2,3,1,4,5)
1500:(2,3,0,4,5)
1501:(2,2,1,4,5)
1502:(2,4,0,4,5)
1503:(2,3,1,4,1)
1504:(2,3,0,4,1)
1505:(5,3,0,4,2)
1506:(5,5,1,4,2)
1507:(5,5,0,4,2)
1508:(5,4,1,4,2)
1509:(5,4,0,4,2)
1510:(5,4,1,1,2)
1511:(5,4,0,1,2)
1512:(5,5,1,1,2)
1513:(5,5,0,1,2)
1514:(5,5,1,5,2)
1515:(5,5,0,0,2)
1516:(5,5,1,0,2)
1517:(5,5,0,5,2)
1518:(5,4,1,5,2)
1519:(5,4,0,0,2)
1520:(5,4,1,0,2)
1521:(5,4,0,5,2)
1522:(5,3,1,5,2)
1523:(5,3,0,0,2)
1524:(5,3,1,0,2)
1525:(5,3,0,5,2)
1526:(4,3,0,0,2)
1527:(4,5,1,0,2)
1528:(4,5,0,4,2)
1529:(4,5,1,4,2)
1530:(4,5,0,0,2)
1531:(4,4,1,0,2)
1532:(4,4,0,4,2)
1533:(4,4,1,1,2)
1534:(4,4,0,1,2)
1535:(4,4,1,4,2)
1536:(4,4,0,0,2)
1537:(4,3,1,0,2)
1538:(4,3,0,4,2)
1539:(4,3,1,4,2)
1540:(3,3,0,4,2)
1541:(3,5,1,4,2)
1542:(3,5,0,4,2)
1543:(3,4,1,4,2)
1544:(3,4,0,4,2)
1545:(3,4,1,1,2)
1546:(3,4,0,1,2)
1547:(3,5,1,1,2)
1548:(4,5,0,1,2)
1549:(4,5,1,5,2)
1550:(4,5,0,5,2)
1551:(4,5,1,1,2)
1552:(3,5,0,1,2)
1553:(3,5,1,5,2)
1554:(3,5,0,5,2)
1555:(3,4,1,5,2)
1556:(4,4,0,5,2)
1557:(4,4,1,5,2)
1558:(3,4,0,5,2)
1559:(3,3,1,5,2)
1560:(4,3,0,5,2)
1561:(4,3,1,5,2)
1562:(3,3,0,5,2)
1563:(3,2,1,5,2)
1564:(4,2,0,5,2)
1565:(4,2,1,5,1)
1566:(4,2,0,5,1)
1567:(4,2,1,5,2)
1568:(3,2,0,5,2)
1569:(3,2,1,5,1)
1570:(3,2,0,5,1)
1571:(2,2,0,5,1)
1572:(2,2,1,5,2)
1573:(2,2,0,5,0)
1574:(2,4,1,5,0)
1575:(2,4,0,5,2)
1576:(2,4,1,5,2)
1577:(2,4,0,5,0)
1578:(2,3,1,5,0)
1579:(2,3,0,5,2)
1580:(2,3,1,5,2)
1581:(2,3,0,5,0)
1582:(2,2,1,5,0)
1583:(2,2,0,5,2)
1584:(2,2,1,5,1)
1585:(3,2,0,5,0)
1586:(3,2,1,5,0)
1587:(3,2,0,5,3)
1588:(3,2,1,5,3)
1589:(4,2,0,5,3)
1590:(4,2,1,5,3)
1591:(2,2,0,5,3)
1592:(3,2,1,1,2)
1593:(5,2,0,1,2)
1594:(5,2,1,2,2)
1595:(5,2,0,2,2)
1596:(5,2,1,2,1)
1597:(5,2,0,2,1)
1598:(4,2,0,2,1)
1599:(4,2,1,2,2)
1600:(4,2,0,2,2)
1601:(4,2,1,2,1)
1602:(3,2,0,2,1)
1603:(3,2,1,2,2)
1604:(3,2,0,2,2)
1605:(3,2,1,2,1)
1606:(3,5,1,2,2)
1607:(5,5,0,2,2)
1608:(5,5,1,2,2)
1609:(4,5,0,2,2)
1610:(4,5,1,2,2)
1611:(3,5,0,2,2)
1612:(3,4,1,2,2)
1613:(5,4,0,2,2)
1614:(5,4,1,2,2)
1615:(4,4,0,2,2)
1616:(4,4,1,2,2)
1617:(3,4,0,2,2)
1618:(3,3,1,2,2)
1619:(5,3,0,2,2)
1620:(5,3,1,2,2)
1621:(4,3,0,2,2)
1622:(4,3,1,2,2)
1623:(3,3,0,2,2)
1624:(2,3,0,2,2)
1625:(2,5,1,2,2)
1626:(2,5,0,2,0)
1627:(2,5,1,2,0)
1628:(2,5,0,2,2)
1629:(2,4,1,2,2)
1630:(2,4,0,2,0)
1631:(2,4,1,2,0)
1632:(2,4,0,2,2)
1633:(2,3,1,2,2)
1634:(2,3,0,2,0)
1635:(2,3,1,2,0)
1636:(4,3,0,2,0)
1637:(4,3,1,2,0)
1638:(4,3,0,2,4)
1639:(4,3,1,2,4)
1640:(5,3,0,2,4)
1641:(5,3,1,2,4)
1642:(3,3,0,2,4)
1643:(3,5,1,2,4)
1644:(3,5,0,2,4)
1645:(3,3,1,2,4)
1646:(2,3,0,0,2)
1647:(2,5,1,0,2)
1648:(2,5,0,0,2)
1649:(2,4,1,0,2)
1650:(2,4,0,0,2)
1651:(2,3,1,0,2)
1652:(4,2,1,1,2)
1653:(4,2,0,1,2)
1654:(3,2,0,1,2)
1655:(5,2,1,1,2)
1656:(3,3,1,4,2)
1657:(5,3,1,4,2)
1658:(2,2,0,4,3)
1659:(2,2,1,4,3)
1660:(2,3,1,5,4)
1661:(3,3,0,5,4)
1662:(3,3,1,5,4)
1663:(2,3,0,5,4)
1664:(2,2,1,5,4)
1665:(3,2,0,5,4)
1666:(3,2,1,5,4)
1667:(2,2,0,5,4)
1668:(5,2,0,4,4)
1669:(5,5,1,4,4)
1670:(5,5,0,4,4)
1671:(5,3,1,4,4)
1672:(5,3,0,4,4)
1673:(5,2,1,4,4)
1674:(3,2,0,4,4)
1675:(3,5,1,4,4)
1676:(3,5,0,4,4)
1677:(3,3,1,4,4)
1678:(3,3,0,4,4)
1679:(3,2,1,4,4)
1680:(2,2,0,4,4)
1681:(2,5,1,4,4)
1682:(2,5,0,4,4)
1683:(2,3,1,4,4)
1684:(2,3,0,4,4)
1685:(2,2,1,4,4)
1686:(2,4,0,1,4)
1687:(5,4,1,1,4)
1688:(5,4,0,2,3)
1689:(5,5,1,2,3)
1690:(5,5,0,2,3)
1691:(5,4,1,2,3)
1692:(4,4,0,2,3)
1693:(4,5,1,2,3)
1694:(4,5,0,2,3)
1695:(4,4,1,2,3)
1696:(3,5,0,0,3)
1697:(2,3,0,4,3)
1698:(5,5,0,0,5)
1699:(4,4,1,1,4)
