(rloc,hloc,rturn,o0,o1)
0:(2,2,0,0,1)
1:(2,2,0,0,2)
2:(2,2,0,0,3)
3:(2,2,0,1,0)
4:(2,2,0,1,2)
5:(2,2,0,1,3)
6:(2,2,0,2,0)
7:(2,2,0,2,1)
8:(2,2,0,2,2)
9:(2,2,0,2,3)
10:(2,2,0,3,0)
11:(2,2,0,3,1)
12:(2,2,0,3,2)
13:(2,2,0,3,3)
14:(2,2,1,0,1)
15:(2,2,1,0,2)
16:(2,2,1,0,3)
17:(2,2,1,1,0)
18:(2,2,1,1,2)
19:(2,2,1,1,3)
20:(2,2,1,2,0)
21:(2,2,1,2,1)
22:(2,2,1,2,2)
23:(2,2,1,2,3)
24:(2,2,1,3,0)
25:(2,2,1,3,1)
26:(2,2,1,3,2)
27:(2,2,1,3,3)
28:(2,3,0,0,1)
29:(2,3,0,0,2)
30:(2,3,0,0,3)
31:(2,3,0,1,0)
32:(2,3,0,1,2)
33:(2,3,0,1,3)
34:(2,3,0,2,0)
35:(2,3,0,2,1)
36:(2,3,0,2,2)
37:(2,3,0,2,3)
38:(2,3,0,3,0)
39:(2,3,0,3,1)
40:(2,3,0,3,2)
41:(2,3,0,3,3)
42:(2,3,1,0,1)
43:(2,3,1,0,2)
44:(2,3,1,0,3)
45:(2,3,1,1,0)
46:(2,3,1,1,2)
47:(2,3,1,1,3)
48:(2,3,1,2,0)
49:(2,3,1,2,1)
50:(2,3,1,2,2)
51:(2,3,1,2,3)
52:(2,3,1,3,0)
53:(2,3,1,3,1)
54:(2,3,1,3,2)
55:(2,3,1,3,3)
56:(2,4,0,0,1)
57:(2,4,0,0,2)
58:(2,4,0,0,3)
59:(2,4,0,1,0)
60:(2,4,0,1,2)
61:(2,4,0,1,3)
62:(2,4,0,2,0)
63:(2,4,0,2,1)
64:(2,4,0,2,2)
65:(2,4,0,2,3)
66:(2,4,0,3,0)
67:(2,4,0,3,1)
68:(2,4,0,3,2)
69:(2,4,0,3,3)
70:(2,4,1,0,1)
71:(2,4,1,0,2)
72:(2,4,1,0,3)
73:(2,4,1,1,0)
74:(2,4,1,1,2)
75:(2,4,1,1,3)
76:(2,4,1,2,0)
77:(2,4,1,2,1)
78:(2,4,1,2,2)
79:(2,4,1,2,3)
80:(2,4,1,3,0)
81:(2,4,1,3,1)
82:(2,4,1,3,2)
83:(2,4,1,3,3)
84:(3,2,0,0,1)
85:(3,2,0,0,2)
86:(3,2,0,0,3)
87:(3,2,0,1,0)
88:(3,2,0,1,2)
89:(3,2,0,1,3)
90:(3,2,0,2,0)
91:(3,2,0,2,1)
92:(3,2,0,2,2)
93:(3,2,0,2,3)
94:(3,2,0,3,0)
95:(3,2,0,3,1)
96:(3,2,0,3,2)
97:(3,2,0,3,3)
98:(3,2,1,0,1)
99:(3,2,1,0,2)
100:(3,2,1,0,3)
101:(3,2,1,1,0)
102:(3,2,1,1,2)
103:(3,2,1,1,3)
104:(3,2,1,2,0)
105:(3,2,1,2,1)
106:(3,2,1,2,2)
107:(3,2,1,2,3)
108:(3,2,1,3,0)
109:(3,2,1,3,1)
110:(3,2,1,3,2)
111:(3,2,1,3,3)
112:(3,3,0,0,1)
113:(3,3,0,0,2)
114:(3,3,0,0,3)
115:(3,3,0,1,0)
116:(3,3,0,1,2)
117:(3,3,0,1,3)
118:(3,3,0,2,0)
119:(3,3,0,2,1)
120:(3,3,0,2,2)
121:(3,3,0,2,3)
122:(3,3,0,3,0)
123:(3,3,0,3,1)
124:(3,3,0,3,2)
125:(3,3,0,3,3)
126:(3,3,1,0,1)
127:(3,3,1,0,2)
128:(3,3,1,0,3)
129:(3,3,1,1,0)
130:(3,3,1,1,2)
131:(3,3,1,1,3)
132:(3,3,1,2,0)
133:(3,3,1,2,1)
134:(3,3,1,2,2)
135:(3,3,1,2,3)
136:(3,3,1,3,0)
137:(3,3,1,3,1)
138:(3,3,1,3,2)
139:(3,3,1,3,3)
140:(3,4,0,0,1)
141:(3,4,0,0,2)
142:(3,4,0,0,3)
143:(3,4,0,1,0)
144:(3,4,0,1,2)
145:(3,4,0,1,3)
146:(3,4,0,2,0)
147:(3,4,0,2,1)
148:(3,4,0,2,2)
149:(3,4,0,2,3)
150:(3,4,0,3,0)
151:(3,4,0,3,1)
152:(3,4,0,3,2)
153:(3,4,0,3,3)
154:(3,4,1,0,1)
155:(3,4,1,0,2)
156:(3,4,1,0,3)
157:(3,4,1,1,0)
158:(3,4,1,1,2)
159:(3,4,1,1,3)
160:(3,4,1,2,0)
161:(3,4,1,2,1)
162:(3,4,1,2,2)
163:(3,4,1,2,3)
164:(3,4,1,3,0)
165:(3,4,1,3,1)
166:(3,4,1,3,2)
167:(3,4,1,3,3)
168:(4,2,0,0,1)
169:(4,2,0,0,2)
170:(4,2,0,0,3)
171:(4,2,0,1,0)
172:(4,2,0,1,2)
173:(4,2,0,1,3)
174:(4,2,0,2,0)
175:(4,2,0,2,1)
176:(4,2,0,2,2)
177:(4,2,0,2,3)
178:(4,2,0,3,0)
179:(4,2,0,3,1)
180:(4,2,0,3,2)
181:(4,2,0,3,3)
182:(4,2,1,0,1)
183:(4,2,1,0,2)
184:(4,2,1,0,3)
185:(4,2,1,1,0)
186:(4,2,1,1,2)
187:(4,2,1,1,3)
188:(4,2,1,2,0)
189:(4,2,1,2,1)
190:(4,2,1,2,2)
191:(4,2,1,2,3)
192:(4,2,1,3,0)
193:(4,2,1,3,1)
194:(4,2,1,3,2)
195:(4,2,1,3,3)
196:(4,3,0,0,1)
197:(4,3,0,0,2)
198:(4,3,0,0,3)
199:(4,3,0,1,0)
200:(4,3,0,1,2)
201:(4,3,0,1,3)
202:(4,3,0,2,0)
203:(4,3,0,2,1)
204:(4,3,0,2,2)
205:(4,3,0,2,3)
206:(4,3,0,3,0)
207:(4,3,0,3,1)
208:(4,3,0,3,2)
209:(4,3,0,3,3)
210:(4,3,1,0,1)
211:(4,3,1,0,2)
212:(4,3,1,0,3)
213:(4,3,1,1,0)
214:(4,3,1,1,2)
215:(4,3,1,1,3)
216:(4,3,1,2,0)
217:(4,3,1,2,1)
218:(4,3,1,2,2)
219:(4,3,1,2,3)
220:(4,3,1,3,0)
221:(4,3,1,3,1)
222:(4,3,1,3,2)
223:(4,3,1,3,3)
224:(4,4,0,0,1)
225:(4,4,0,0,2)
226:(4,4,0,0,3)
227:(4,4,0,1,0)
228:(4,4,0,1,2)
229:(4,4,0,1,3)
230:(4,4,0,2,0)
231:(4,4,0,2,1)
232:(4,4,0,2,2)
233:(4,4,0,2,3)
234:(4,4,0,3,0)
235:(4,4,0,3,1)
236:(4,4,0,3,2)
237:(4,4,0,3,3)
238:(4,4,1,0,1)
239:(4,4,1,0,2)
240:(4,4,1,0,3)
241:(4,4,1,1,0)
242:(4,4,1,1,2)
243:(4,4,1,1,3)
244:(4,4,1,2,0)
245:(4,4,1,2,1)
246:(4,4,1,2,2)
247:(4,4,1,2,3)
248:(4,4,1,3,0)
249:(4,4,1,3,1)
250:(4,4,1,3,2)
251:(4,4,1,3,3)
